+------------+------------+------------+------------+------------+
|  Tamaño(N) |    Time    | OBPromedio |  OBMinimo  |  OBMaximo  |
+------------+------------+------------+------------+------------+
|1000        |0.0000000391|44.4851     |1           |999         |
+------------+------------+------------+------------+------------+
|1500        |0.0000000578|84.5995     |1           |1498        |
+------------+------------+------------+------------+------------+
|2000        |0.0000000631|97.0427     |1           |2000        |
+------------+------------+------------+------------+------------+
|2500        |0.0000000714|112.6240    |1           |2497        |
+------------+------------+------------+------------+------------+
|3000        |0.0000001018|173.1415    |1           |2998        |
+------------+------------+------------+------------+------------+
|3500        |0.0000001101|192.8491    |1           |3496        |
+------------+------------+------------+------------+------------+
|4000        |0.0000001196|208.8905    |1           |3996        |
+------------+------------+------------+------------+------------+
|4500        |0.0000001233|221.6886    |1           |4496        |
+------------+------------+------------+------------+------------+
|5000        |0.0000001386|251.2931    |1           |4989        |
+------------+------------+------------+------------+------------+
|5500        |0.0000001652|305.2513    |1           |5500        |
+------------+------------+------------+------------+------------+
|6000        |0.0000001563|288.3743    |1           |5993        |
+------------+------------+------------+------------+------------+
|6500        |0.0000001908|356.5986    |1           |6499        |
+------------+------------+------------+------------+------------+
|7000        |0.0000001803|333.1588    |1           |6999        |
+------------+------------+------------+------------+------------+
|7500        |0.0000002232|415.1424    |1           |7493        |
+------------+------------+------------+------------+------------+
|8000        |0.0000002863|546.2515    |1           |7992        |
+------------+------------+------------+------------+------------+
|8500        |0.0000002569|483.4340    |1           |8496        |
+------------+------------+------------+------------+------------+
|9000        |0.0000002072|386.6253    |1           |9000        |
+------------+------------+------------+------------+------------+
|9500        |0.0000002918|563.6689    |1           |9499        |
+------------+------------+------------+------------+------------+
|10000       |0.0000002646|484.3115    |1           |9988        |
+------------+------------+------------+------------+------------+
