+------------+------------+------------+------------+------------+
|  Tamaño(N) |    Time    | OBPromedio |  OBMinimo  |  OBMaximo  |
+------------+------------+------------+------------+------------+
|1000        |0.0000001280|209.0050    |1           |987         |
+------------+------------+------------+------------+------------+
|1500        |0.0000002195|364.2173    |1           |1471        |
+------------+------------+------------+------------+------------+
|2000        |0.0000005162|1026.5930   |9           |1999        |
+------------+------------+------------+------------+------------+
|2500        |0.0000005773|1153.2832   |37          |2482        |
+------------+------------+------------+------------+------------+
|3000        |0.0000005873|1176.2577   |1           |2951        |
+------------+------------+------------+------------+------------+
|3500        |0.0000006045|1224.9020   |1           |3438        |
+------------+------------+------------+------------+------------+
|4000        |0.0000005608|1106.7495   |1           |3989        |
+------------+------------+------------+------------+------------+
|4500        |0.0000004412|860.9991    |1           |4487        |
+------------+------------+------------+------------+------------+
|5000        |0.0000017221|3400.1222   |51          |4992        |
+------------+------------+------------+------------+------------+
|5500        |0.0000005940|1190.4744   |1           |5311        |
+------------+------------+------------+------------+------------+
|6000        |0.0000015829|3079.0053   |1           |5959        |
+------------+------------+------------+------------+------------+
|6500        |0.0000008111|1526.9878   |1           |6387        |
+------------+------------+------------+------------+------------+
|7000        |0.0000021972|4515.9747   |4           |6916        |
+------------+------------+------------+------------+------------+
|7500        |0.0000023490|4795.0881   |155         |7484        |
+------------+------------+------------+------------+------------+
|8000        |0.0000019852|4014.6560   |1           |7788        |
+------------+------------+------------+------------+------------+
|8500        |0.0000017476|3532.7138   |53          |8446        |
+------------+------------+------------+------------+------------+
|9000        |0.0000019707|4015.5543   |1           |8921        |
+------------+------------+------------+------------+------------+
|9500        |0.0000017371|3541.4874   |1           |9413        |
+------------+------------+------------+------------+------------+
|10000       |0.0000025995|5326.9957   |42          |9980        |
+------------+------------+------------+------------+------------+
