+------------+------------+------------+------------+------------+
|  Tamaño(N) |    Time    | OBPromedio |  OBMinimo  |  OBMaximo  |
+------------+------------+------------+------------+------------+
|1000        |0.0000000196|10.0568     |1           |1000        |
+------------+------------+------------+------------+------------+
|1500        |0.0000000205|13.2657     |1           |1500        |
+------------+------------+------------+------------+------------+
|2000        |0.0000000217|15.6129     |1           |2000        |
+------------+------------+------------+------------+------------+
|2500        |0.0000000226|19.2287     |1           |2500        |
+------------+------------+------------+------------+------------+
|3000        |0.0000000245|22.7988     |1           |3000        |
+------------+------------+------------+------------+------------+
|3500        |0.0000000246|22.7610     |1           |3500        |
+------------+------------+------------+------------+------------+
|4000        |0.0000000265|26.7786     |1           |4000        |
+------------+------------+------------+------------+------------+
|4500        |0.0000000280|29.8333     |1           |4500        |
+------------+------------+------------+------------+------------+
|5000        |0.0000000298|33.1424     |1           |5000        |
+------------+------------+------------+------------+------------+
|5500        |0.0000000303|34.3440     |1           |5500        |
+------------+------------+------------+------------+------------+
|6000        |0.0000000321|37.5337     |1           |6000        |
+------------+------------+------------+------------+------------+
|6500        |0.0000000336|40.7068     |1           |6500        |
+------------+------------+------------+------------+------------+
|7000        |0.0000000354|44.3309     |1           |6999        |
+------------+------------+------------+------------+------------+
|7500        |0.0000000365|46.6825     |1           |7500        |
+------------+------------+------------+------------+------------+
|8000        |0.0000000363|45.8877     |1           |7999        |
+------------+------------+------------+------------+------------+
|8500        |0.0000000384|50.1818     |1           |8500        |
+------------+------------+------------+------------+------------+
|9000        |0.0000000375|50.2423     |1           |9000        |
+------------+------------+------------+------------+------------+
|9500        |0.0000000400|55.1483     |1           |9499        |
+------------+------------+------------+------------+------------+
|10000       |0.0000000414|57.2414     |1           |10000       |
+------------+------------+------------+------------+------------+
