+------------+------------+------------+------------+------------+
|  Tamaño(N) |    Time    | OBPromedio |  OBMinimo  |  OBMaximo  |
+------------+------------+------------+------------+------------+
|1000        |0.0000000324|16.9740     |1           |19          |
+------------+------------+------------+------------+------------+
|1500        |0.0000000343|18.2853     |1           |21          |
+------------+------------+------------+------------+------------+
|2000        |0.0000000342|18.9640     |1           |21          |
+------------+------------+------------+------------+------------+
|2500        |0.0000000338|19.7336     |1           |23          |
+------------+------------+------------+------------+------------+
|3000        |0.0000000347|20.2780     |1           |23          |
+------------+------------+------------+------------+------------+
|3500        |0.0000000340|20.6669     |1           |23          |
+------------+------------+------------+------------+------------+
|4000        |0.0000000347|20.9585     |1           |23          |
+------------+------------+------------+------------+------------+
|4500        |0.0000000344|21.3653     |1           |25          |
+------------+------------+------------+------------+------------+
|5000        |0.0000000336|21.7288     |1           |25          |
+------------+------------+------------+------------+------------+
|5500        |0.0000000340|22.0262     |1           |25          |
+------------+------------+------------+------------+------------+
|6000        |0.0000000353|22.2740     |1           |25          |
+------------+------------+------------+------------+------------+
|6500        |0.0000000355|22.4837     |1           |25          |
+------------+------------+------------+------------+------------+
|7000        |0.0000000353|22.6634     |1           |25          |
+------------+------------+------------+------------+------------+
|7500        |0.0000000355|22.8192     |1           |25          |
+------------+------------+------------+------------+------------+
|8000        |0.0000000360|22.9555     |1           |25          |
+------------+------------+------------+------------+------------+
|8500        |0.0000000359|23.1485     |1           |27          |
+------------+------------+------------+------------+------------+
|9000        |0.0000000357|23.3624     |1           |27          |
+------------+------------+------------+------------+------------+
|9500        |0.0000000358|23.5539     |1           |27          |
+------------+------------+------------+------------+------------+
|10000       |0.0000000358|23.7262     |1           |27          |
+------------+------------+------------+------------+------------+
