+------------+------------+------------+------------+------------+
|  Tamaño(N) |    Time    | OBPromedio |  OBMinimo  |  OBMaximo  |
+------------+------------+------------+------------+------------+
|1000        |0.0000002524|500.5000    |1           |1000        |
+------------+------------+------------+------------+------------+
|1500        |0.0000003879|750.5000    |1           |1500        |
+------------+------------+------------+------------+------------+
|2000        |0.0000005022|1000.5000   |1           |2000        |
+------------+------------+------------+------------+------------+
|2500        |0.0000006159|1250.5000   |1           |2500        |
+------------+------------+------------+------------+------------+
|3000        |0.0000007352|1500.5000   |1           |3000        |
+------------+------------+------------+------------+------------+
|3500        |0.0000008566|1750.5000   |1           |3500        |
+------------+------------+------------+------------+------------+
|4000        |0.0000009829|2000.5000   |1           |4000        |
+------------+------------+------------+------------+------------+
|4500        |0.0000011058|2250.5000   |1           |4500        |
+------------+------------+------------+------------+------------+
|5000        |0.0000012261|2500.5000   |1           |5000        |
+------------+------------+------------+------------+------------+
|5500        |0.0000013431|2750.5000   |1           |5500        |
+------------+------------+------------+------------+------------+
|6000        |0.0000014714|3000.5000   |1           |6000        |
+------------+------------+------------+------------+------------+
|6500        |0.0000015922|3250.5000   |1           |6500        |
+------------+------------+------------+------------+------------+
|7000        |0.0000017140|3500.5000   |1           |7000        |
+------------+------------+------------+------------+------------+
|7500        |0.0000018387|3750.5000   |1           |7500        |
+------------+------------+------------+------------+------------+
|8000        |0.0000019584|4000.5000   |1           |8000        |
+------------+------------+------------+------------+------------+
|8500        |0.0000020897|4250.5000   |1           |8500        |
+------------+------------+------------+------------+------------+
|9000        |0.0000022156|4500.5000   |1           |9000        |
+------------+------------+------------+------------+------------+
|9500        |0.0000023334|4750.5000   |1           |9500        |
+------------+------------+------------+------------+------------+
|10000       |0.0000024555|5000.5000   |1           |10000       |
+------------+------------+------------+------------+------------+
