+------------+------------+------------+------------+------------+
|  Tamaño(N) |    Time    | OBPromedio |  OBMinimo  |  OBMaximo  |
+------------+------------+------------+------------+------------+
|1000        |0.0000002535|500.5000    |1           |1000        |
+------------+------------+------------+------------+------------+
|1500        |0.0000003756|750.5000    |1           |1500        |
+------------+------------+------------+------------+------------+
|2000        |0.0000005001|1000.5000   |1           |2000        |
+------------+------------+------------+------------+------------+
|2500        |0.0000006167|1250.5000   |1           |2500        |
+------------+------------+------------+------------+------------+
|3000        |0.0000007437|1500.5000   |1           |3000        |
+------------+------------+------------+------------+------------+
|3500        |0.0000008635|1750.5000   |1           |3500        |
+------------+------------+------------+------------+------------+
|4000        |0.0000009918|2000.5000   |1           |4000        |
+------------+------------+------------+------------+------------+
|4500        |0.0000011220|2250.5000   |1           |4500        |
+------------+------------+------------+------------+------------+
|5000        |0.0000012431|2500.5000   |1           |5000        |
+------------+------------+------------+------------+------------+
|5500        |0.0000013523|2750.5000   |1           |5500        |
+------------+------------+------------+------------+------------+
|6000        |0.0000014817|3000.5000   |1           |6000        |
+------------+------------+------------+------------+------------+
|6500        |0.0000016028|3250.5000   |1           |6500        |
+------------+------------+------------+------------+------------+
|7000        |0.0000017347|3500.5000   |1           |7000        |
+------------+------------+------------+------------+------------+
|7500        |0.0000018547|3750.5000   |1           |7500        |
+------------+------------+------------+------------+------------+
|8000        |0.0000019696|4000.5000   |1           |8000        |
+------------+------------+------------+------------+------------+
|8500        |0.0000020984|4250.5000   |1           |8500        |
+------------+------------+------------+------------+------------+
|9000        |0.0000022219|4500.5000   |1           |9000        |
+------------+------------+------------+------------+------------+
|9500        |0.0000023466|4750.5000   |1           |9500        |
+------------+------------+------------+------------+------------+
|10000       |0.0000024668|5000.5000   |1           |10000       |
+------------+------------+------------+------------+------------+
